3.616e-12 
4.771e-12 
4.014e-12 
3.517e-12 
3.269e-12 
2.848e-12 
2.383e-12 
1.916e-12 
2.023e-12 
1.746e-12 
1.565e-12 
1.191e-12 
1.068e-12 
1.087e-12 
7.533e-13 
8.789e-13 
7.869e-13 
9.229e-13 
1.265e-12 
1.831e-12 
 3.01e-12 
5.185e-12 
8.769e-12 
1.609e-11 
2.865e-11 
5.173e-11 
9.372e-11 
1.691e-10 
3.102e-10 
5.663e-10 
1.036e-09 
1.891e-09 
3.474e-09 
6.376e-09 
1.135e-08 
2.022e-08 
4.302e-08 
7.379e-08 
1.237e-07 
2.297e-07 
3.989e-07 
7.257e-07 
1.141e-06 
1.841e-06 
2.861e-06 
4.366e-06 
6.315e-06 
8.808e-06 
1.192e-05 
1.573e-05 
2.006e-05 
2.464e-05 
2.999e-05 
3.565e-05 
 4.17e-05 
4.803e-05 
5.462e-05 
6.147e-05 
6.821e-05 
7.524e-05 
8.246e-05 
8.947e-05 
9.662e-05 
0.0001037 
0.0001106 
0.0001167 
0.0001249 
0.0001314 
0.0001379 
0.0001446 
 0.000151 
0.0001573 
0.0001635 
0.0001695 
0.0001755 
0.0001811 
0.0001867 
0.0001921 
0.0001974 
0.0002024 
0.0002073 
0.0002121 
0.0002167 
 0.000221 
0.0002255 
0.0002295 
0.0002335 
0.0002373 
0.0002409 
0.0002444 
0.0002476 
 0.000251 